1404.664	82.036	196.250
1404.714	81.986	197.250
1404.764	81.936	195.000
1404.814	81.886	196.750
1404.864	81.836	178.250
1404.914	81.786	200.000
1404.964	81.736	191.000
1405.014	81.686	205.500
1405.064	81.636	201.000
1405.114	81.586	194.500
1405.164	81.536	196.500
1405.214	81.486	193.000
1405.264	81.436	197.750
1405.314	81.386	193.750
1405.364	81.336	193.500
1405.414	81.286	196.000
1405.464	81.236	197.750
1405.514	81.186	197.250
1405.564	81.136	198.750
1405.614	81.086	196.250
1405.664	81.036	192.750
1405.714	80.986	196.750
1405.764	80.936	191.250
1405.814	80.886	198.750
1405.864	80.836	191.250
1405.914	80.786	198.000
1405.964	80.736	204.000
1406.014	80.686	200.000
1406.064	80.636	191.000
1406.114	80.586	204.750
1406.164	80.536	196.250
1406.214	80.486	205.000
1406.264	80.436	200.500
1406.314	80.386	210.000
1406.364	80.336	207.250
1406.414	80.286	207.250
1406.464	80.236	208.000
1406.514	80.186	203.750
1406.564	80.136	199.250
1406.615	80.086	194.750
1406.664	80.036	199.750
1406.714	79.985	198.250
1406.765	79.935	198.500
1406.815	79.885	201.750
1406.865	79.835	205.750
1406.915	79.785	205.750
1406.965	79.735	195.750
1407.015	79.685	199.750
1407.065	79.635	213.250
1407.115	79.585	190.250
1407.165	79.535	198.500
1407.215	79.485	193.750
1407.265	79.435	191.500
1407.315	79.385	206.000
1407.365	79.335	197.000
1407.415	79.285	204.000
1407.465	79.235	208.000
1407.515	79.185	190.500
1407.565	79.135	197.750
1407.615	79.085	195.750
1407.665	79.035	207.750
1407.715	78.985	201.750
1407.765	78.935	208.000
1407.815	78.885	191.000
1407.865	78.835	185.500
1407.915	78.785	197.500
1407.965	78.735	198.750
1408.015	78.685	199.000
1408.065	78.635	196.250
1408.115	78.585	193.500
1408.165	78.535	193.500
1408.215	78.485	199.500
1408.265	78.435	193.250
1408.315	78.385	200.500
1408.365	78.335	202.250
1408.415	78.285	203.500
1408.465	78.235	199.250
1408.515	78.185	196.750
1408.565	78.135	188.750
1408.615	78.085	194.000
1408.665	78.035	209.500
1408.715	77.985	199.750
1408.765	77.935	189.750
1408.815	77.885	184.000
1408.865	77.835	194.750
1408.916	77.785	201.250
1408.966	77.734	204.250
1409.016	77.684	196.750
1409.066	77.634	201.250
1409.116	77.584	201.000
1409.166	77.534	190.250
1409.216	77.484	185.500
1409.266	77.434	186.500
1409.316	77.384	191.750
1409.366	77.334	204.000
1409.416	77.284	196.500
1409.466	77.234	198.750
1409.516	77.184	190.750
1409.566	77.134	193.500
1409.616	77.084	179.000
1409.666	77.034	192.250
1409.716	76.984	196.500
1409.766	76.934	198.250
1409.816	76.884	191.000
1409.866	76.834	188.000
1409.916	76.784	198.250
1409.966	76.734	193.500
1410.016	76.684	196.750
1410.066	76.634	180.000
1410.116	76.584	184.750
1410.166	76.534	186.500
1410.216	76.484	183.750
1410.266	76.434	189.500
1410.316	76.384	199.000
1410.366	76.334	187.750
1410.416	76.284	192.000
1410.466	76.234	204.250
1410.516	76.184	199.500
1410.566	76.134	196.750
1410.616	76.084	212.500
1410.666	76.034	201.250
1410.716	75.984	207.000
1410.766	75.934	198.750
1410.816	75.884	200.500
1410.866	75.834	206.250
1410.916	75.784	220.500
1410.966	75.734	218.500
1411.016	75.684	211.500
1411.066	75.634	221.000
1411.116	75.584	223.000
1411.167	75.533	229.750
1411.217	75.483	229.250
1411.267	75.433	227.500
1411.317	75.383	245.000
1411.367	75.333	260.750
1411.417	75.283	246.000
1411.467	75.233	251.250
1411.517	75.183	265.500
1411.567	75.133	259.000
1411.617	75.083	262.000
1411.667	75.033	263.000
1411.717	74.983	253.000
1411.767	74.933	259.750
1411.817	74.883	252.500
1411.867	74.833	261.250
1411.917	74.783	266.500
1411.967	74.733	260.250
1412.017	74.683	252.250
1412.067	74.633	261.500
1412.117	74.583	242.000
1412.167	74.533	245.750
1412.217	74.483	245.750
1412.267	74.433	245.500
1412.317	74.383	231.750
1412.367	74.333	233.750
1412.417	74.283	242.750
1412.467	74.233	224.250
1412.517	74.183	222.500
1412.567	74.133	238.750
1412.617	74.083	234.500
1412.667	74.033	217.000
1412.717	73.983	216.750
1412.767	73.933	223.250
1412.817	73.883	214.500
1412.867	73.833	208.750
1412.917	73.783	208.250
1412.967	73.733	194.000
1413.017	73.683	209.750
1413.067	73.633	205.250
1413.117	73.583	197.750
1413.167	73.533	195.250
1413.217	73.483	187.000
1413.267	73.433	199.000
1413.318	73.383	191.500
1413.368	73.333	190.250
1413.417	73.282	194.250
1413.468	73.232	187.000
1413.518	73.182	189.750
1413.568	73.132	188.500
1413.618	73.082	189.000
1413.668	73.032	194.000
1413.718	72.982	182.500
1413.768	72.932	186.750
1413.818	72.882	183.250
1413.868	72.832	192.000
1413.918	72.782	187.750
1413.968	72.732	177.000
1414.018	72.682	190.000
1414.068	72.632	181.750
1414.118	72.582	187.750
1414.168	72.532	186.000
1414.218	72.482	198.000
1414.268	72.432	187.000
1414.318	72.382	188.250
1414.368	72.332	184.000
1414.418	72.282	194.250
1414.468	72.232	177.250
1414.518	72.182	193.500
1414.568	72.132	201.000
1414.618	72.082	192.000
1414.668	72.032	188.500
1414.718	71.982	199.000
1414.768	71.932	184.000
1414.818	71.882	187.250
1414.868	71.832	190.000
1414.918	71.782	187.250
1414.968	71.732	180.000
1415.018	71.682	197.250
1415.068	71.632	192.500
1415.118	71.582	186.250
1415.168	71.532	190.250
1415.218	71.482	194.000
1415.268	71.432	188.500
1415.318	71.382	192.250
1415.368	71.332	199.750
1415.418	71.282	194.000
1415.469	71.232	188.000
1415.518	71.182	196.250
1415.568	71.132	193.250
1415.619	71.081	196.500
1415.669	71.031	203.500
1415.719	70.981	196.250
1415.769	70.931	200.000
1415.819	70.881	192.000
1415.869	70.831	200.750
1415.919	70.781	199.500
1415.969	70.731	198.750
1416.019	70.681	193.500
1416.069	70.631	190.500
1416.119	70.581	186.000
1416.169	70.531	186.000
1416.219	70.481	202.000
1416.269	70.431	198.500
1416.319	70.381	202.750
1416.369	70.331	193.000
1416.419	70.281	204.500
1416.469	70.231	205.000
1416.519	70.181	197.000
1416.569	70.131	197.250
1416.619	70.081	193.000
1416.669	70.031	206.000
